histogram 10
0.0450
0.0541
0.1448
0.1369
0.1065
0.0353
0.1377
0.0780
0.1373
0.1244

0.0068
0.0672
0.1351
0.0555
0.1348
0.1857
0.1830
0.1330
0.0484
0.0505

0.1418
0.0093
0.1258
0.1242
0.1471
0.1206
0.0363
0.1195
0.0522
0.1231

0.1355
0.0303
0.1217
0.1011
0.0935
0.0780
0.0213
0.1891
0.1393
0.0903

0.0026
0.0204
0.1443
0.1031
0.1427
0.0462
0.1292
0.1267
0.1313
0.1537

0.1198
0.1857
0.1704
0.1646
0.1144
0.0539
0.0777
0.0138
0.0232
0.0764

0.0113
0.1354
0.1038
0.0271
0.2098
0.0468
0.2304
0.0180
0.1755
0.0420

0.1569
0.0128
0.2191
0.0498
0.0527
0.0463
0.0989
0.1366
0.1813
0.0456

0.0696
0.0306
0.2396
0.0144
0.0363
0.2333
0.1203
0.0809
0.0864
0.0885

0.2476
0.0940
0.1934
0.1596
0.2003
0.0420
0.0034
0.0224
0.0125
0.0248

0.0930
0.0516
0.0166
0.1363
0.1894
0.1010
0.1213
0.1152
0.1561
0.0193

0.1351
0.0124
0.0480
0.1406
0.0634
0.0960
0.1645
0.1220
0.1664
0.0515

0.0385
0.1087
0.0788
0.0238
0.1849
0.1085
0.0888
0.1562
0.1840
0.0278

0.1807
0.1350
0.1512
0.0732
0.0300
0.0240
0.1297
0.1157
0.0492
0.1113

0.1121
0.1133
0.1103
0.0927
0.1707
0.1623
0.0690
0.0394
0.1052
0.0251

0.1300
0.1209
0.1280
0.1344
0.0396
0.1021
0.0134
0.0469
0.1404
0.1444

0.1076
0.0152
0.1057
0.1651
0.0377
0.1602
0.0293
0.1738
0.0913
0.1140

0.0363
0.1647
0.1527
0.0168
0.0355
0.0681
0.1654
0.1794
0.1447
0.0364

0.1660
0.0054
0.1648
0.0288
0.1247
0.1135
0.1505
0.0528
0.0863
0.1073

0.0814
0.1017
0.1102
0.1802
0.1171
0.0681
0.0276
0.0878
0.0270
0.1989

0.0058
0.0329
0.1265
0.0870
0.1657
0.1691
0.1641
0.0547
0.1930
0.0013

0.0649
0.1268
0.0531
0.1152
0.0177
0.1460
0.1150
0.0791
0.1656
0.1165

0.1817
0.0870
0.0850
0.0481
0.1110
0.1660
0.0269
0.1329
0.0270
0.1344

0.1057
0.0298
0.0847
0.1595
0.0251
0.1804
0.1316
0.1413
0.1096
0.0322

0.0678
0.0482
0.1489
0.0884
0.0695
0.0369
0.1535
0.1903
0.1391
0.0575
